5 0.8533653846153846 0.8605769230769231 0.21394230769230768 0.18990384615384615
5 0.7764423076923077 0.6826923076923077 0.2091346153846154 0.16826923076923078
5 0.6923076923076923 0.8774038461538461 0.19230769230769232 0.19230769230769232
5 0.6778846153846154 0.6514423076923077 0.20192307692307693 0.20432692307692307
5 0.5889423076923077 0.7067307692307693 0.21394230769230768 0.17548076923076922
5 0.5697115384615384 0.8629807692307693 0.20432692307692307 0.19230769230769232
7 0.5480769230769231 0.21153846153846154 0.18509615384615385 0.19230769230769232
5 0.3701923076923077 0.5865384615384616 0.20192307692307693 0.15865384615384615
5 0.3557692307692308 0.4254807692307692 0.20192307692307693 0.17548076923076922
7 0.33774038461538464 0.05889423076923077 0.19951923076923078 0.11298076923076923
5 0.2548076923076923 0.6802884615384616 0.2091346153846154 0.22355769230769232
5 0.22355769230769232 0.3557692307692308 0.23076923076923078 0.2091346153846154
5 0.1346153846153846 0.4182692307692308 0.2091346153846154 0.15625
5 0.125 0.5841346153846154 0.2091346153846154 0.18028846153846154