5 0.1466346153846154 0.13942307692307693 0.21394230769230768 0.18990384615384615
5 0.22355769230769232 0.3173076923076923 0.2091346153846154 0.16826923076923078
5 0.3076923076923077 0.12259615384615384 0.19230769230769232 0.19230769230769232
5 0.32211538461538464 0.3485576923076923 0.20192307692307693 0.20432692307692307
5 0.4110576923076923 0.2932692307692308 0.21394230769230768 0.17548076923076922
5 0.43028846153846156 0.13701923076923078 0.20432692307692307 0.19230769230769232
7 0.4519230769230769 0.7884615384615384 0.18509615384615385 0.19230769230769232
5 0.6298076923076923 0.41346153846153844 0.20192307692307693 0.15865384615384615
5 0.6442307692307693 0.5745192307692307 0.20192307692307693 0.17548076923076922
7 0.6646634615384616 0.9411057692307693 0.19951923076923078 0.11298076923076923
5 0.7451923076923077 0.31971153846153844 0.2091346153846154 0.22355769230769232
5 0.7764423076923077 0.6442307692307693 0.23076923076923078 0.2091346153846154
5 0.8653846153846154 0.5817307692307693 0.2091346153846154 0.15625
5 0.875 0.41586538461538464 0.2091346153846154 0.18028846153846154