5 0.1466346153846154 0.8605769230769231 0.21394230769230768 0.18990384615384615
5 0.22355769230769232 0.6826923076923077 0.2091346153846154 0.16826923076923078
5 0.3076923076923077 0.8774038461538461 0.19230769230769232 0.19230769230769232
5 0.32211538461538464 0.6514423076923077 0.20192307692307693 0.20432692307692307
5 0.4110576923076923 0.7067307692307693 0.21394230769230768 0.17548076923076922
5 0.43028846153846156 0.8629807692307693 0.20432692307692307 0.19230769230769232
7 0.4519230769230769 0.21153846153846154 0.18509615384615385 0.19230769230769232
5 0.6298076923076923 0.5865384615384616 0.20192307692307693 0.15865384615384615
5 0.6442307692307693 0.4254807692307692 0.20192307692307693 0.17548076923076922
7 0.6634615384615384 0.057692307692307696 0.1971153846153846 0.11538461538461539
5 0.7451923076923077 0.6802884615384616 0.2091346153846154 0.22355769230769232
5 0.7764423076923077 0.3557692307692308 0.23076923076923078 0.2091346153846154
5 0.8653846153846154 0.4182692307692308 0.2091346153846154 0.15625
5 0.875 0.5841346153846154 0.2091346153846154 0.18028846153846154