0 0.20432692307692307 0.7235576923076923 0.25240384615384615 0.11298076923076923
0 0.9495192307692307 0.7403846153846154 0.0985576923076923 0.07692307692307693
0 0.052884615384615384 0.2932692307692308 0.10096153846153846 0.15384615384615385
0 0.7980769230769231 0.30528846153846156 0.25240384615384615 0.17548076923076922
0 0.5072115384615384 0.35336538461538464 0.25 0.25240384615384615
0 0.9855769230769231 0.23798076923076922 0.02403846153846154 0.038461538461538464
0 0.22355769230769232 0.46153846153846156 0.25 0.25240384615384615
0 0.25961538461538464 0.24278846153846154 0.20192307692307693 0.05048076923076923
0 0.9663461538461539 0.49759615384615385 0.06490384615384616 0.23076923076923078
0 0.036057692307692304 0.5625 0.0673076923076923 0.22596153846153846
0 0.7692307692307693 0.5841346153846154 0.25240384615384615 0.2548076923076923
0 0.4879807692307692 0.6730769230769231 0.25240384615384615 0.21153846153846154