0 0.7956730769230769 0.2764423076923077 0.25240384615384615 0.11298076923076923
0 0.05048076923076923 0.25961538461538464 0.0985576923076923 0.07692307692307693
0 0.9471153846153846 0.7067307692307693 0.10096153846153846 0.15384615384615385
0 0.20192307692307693 0.6947115384615384 0.25240384615384615 0.17548076923076922
0 0.49278846153846156 0.6466346153846154 0.25 0.25240384615384615
0 0.014423076923076924 0.7620192307692307 0.02403846153846154 0.038461538461538464
0 0.7764423076923077 0.5384615384615384 0.25 0.25240384615384615
0 0.7403846153846154 0.7572115384615384 0.20192307692307693 0.05048076923076923
0 0.03365384615384615 0.5024038461538461 0.06490384615384616 0.23076923076923078
0 0.9639423076923077 0.4375 0.0673076923076923 0.22596153846153846
0 0.23076923076923078 0.41586538461538464 0.25240384615384615 0.2548076923076923
0 0.5120192307692307 0.3269230769230769 0.25240384615384615 0.21153846153846154